	611A	612A	621A	622A	631A	632A	641A	642A	711A	712A	721A	722A	731A	732A	741A	742A
611A	0.0	0.230196641609	0.288833496269	0.277472592739	0.254825639302	0.239849818658	0.245239242875	0.312905011519	0.332852104385	0.381444209331	0.343323807933	0.356060739076	0.365459778599	0.347803900767	0.368415891047	0.335263585014
612A	0.230196641609	0.0	0.217329207702	0.242928495953	0.219473811321	0.227368191918	0.231058084035	0.303155858153	0.324418188656	0.34011256022	0.313144907761	0.319097100303	0.333972548032	0.318841593072	0.318485577863	0.328228912227
621A	0.288833496269	0.217329207702	0.0	0.239990631319	0.217666958551	0.196716936133	0.202869863276	0.298468045302	0.331875717441	0.320082655501	0.288805508906	0.300370921142	0.292504558559	0.313705871387	0.293233998968	0.307462249446
622A	0.277472592739	0.242928495953	0.239990631319	0.0	0.244431100191	0.226471570892	0.230976835906	0.279500904746	0.309302945032	0.33478448976	0.344296985444	0.295423969249	0.328790949238	0.292895898845	0.305529622213	0.325720071457
631A	0.254825639302	0.219473811321	0.217666958551	0.244431100191	0.0	0.212552137827	0.203329470132	0.296759448713	0.339433510028	0.335651757589	0.301512979698	0.328796937202	0.307416490434	0.294451850967	0.319004355915	0.329422365183
632A	0.239849818658	0.227368191918	0.196716936133	0.226471570892	0.212552137827	0.0	0.209486037271	0.296188868534	0.320203301418	0.31861326691	0.317082243963	0.309397073379	0.312862793587	0.291918829164	0.310048407456	0.315187266801
641A	0.245239242875	0.231058084035	0.202869863276	0.230976835906	0.203329470132	0.209486037271	0.0	0.32812888005	0.328723598695	0.317513849274	0.307631846258	0.314710766435	0.333832387047	0.301634854593	0.321443001443	0.324176694015
642A	0.312905011519	0.303155858153	0.298468045302	0.279500904746	0.296759448713	0.296188868534	0.32812888005	0.0	0.360863148142	0.361356329218	0.382560875391	0.363160778477	0.36474975305	0.335591351615	0.354987788523	0.360648086311
711A	0.332852104385	0.324418188656	0.331875717441	0.309302945032	0.339433510028	0.320203301418	0.328723598695	0.360863148142	0.0	0.272500469835	0.314921942422	0.268068966745	0.277519813282	0.255744362838	0.275053197669	0.270077189173
712A	0.381444209331	0.34011256022	0.320082655501	0.33478448976	0.335651757589	0.31861326691	0.317513849274	0.361356329218	0.272500469835	0.0	0.265684683747	0.263202722606	0.2947296056	0.26711735393	0.265221346751	0.274632305858
721A	0.343323807933	0.313144907761	0.288805508906	0.344296985444	0.301512979698	0.317082243963	0.307631846258	0.382560875391	0.314921942422	0.265684683747	0.0	0.215504185685	0.240986786797	0.270662687597	0.213421680764	0.233777729316
722A	0.356060739076	0.319097100303	0.300370921142	0.295423969249	0.328796937202	0.309397073379	0.314710766435	0.363160778477	0.268068966745	0.263202722606	0.215504185685	0.0	0.260383827902	0.243951633702	0.22960549576	0.239469307437
731A	0.365459778599	0.333972548032	0.292504558559	0.328790949238	0.307416490434	0.312862793587	0.333832387047	0.36474975305	0.277519813282	0.2947296056	0.240986786797	0.260383827902	0.0	0.246223468162	0.196500000143	0.244359235788
732A	0.347803900767	0.318841593072	0.313705871387	0.292895898845	0.294451850967	0.291918829164	0.301634854593	0.335591351615	0.255744362838	0.26711735393	0.270662687597	0.243951633702	0.246223468162	0.0	0.228073918151	0.267225278163
741A	0.368415891047	0.318485577863	0.293233998968	0.305529622213	0.319004355915	0.310048407456	0.321443001443	0.354987788523	0.275053197669	0.265221346751	0.213421680764	0.22960549576	0.196500000143	0.228073918151	0.0	0.218640797217
742A	0.335263585014	0.328228912227	0.307462249446	0.325720071457	0.329422365183	0.315187266801	0.324176694015	0.360648086311	0.270077189173	0.274632305858	0.233777729316	0.239469307437	0.244359235788	0.267225278163	0.218640797217	0.0