	912A	913A	914A	916A	9211A	927A	928A	929A	934A	935A	936A	937A	9410A	9411A	947A	949A
912A	0.0	0.233248167343	0.287792295006	0.204435468537	0.390442717564	0.459028729528	0.408869895925	0.4528292301	0.406226486482	0.295728148678	0.334815580098	0.327280915133	0.37943645835	0.404904939962	0.402239374438	0.366536977261
913A	0.233248167343	0.0	0.253394842113	0.234681532685	0.402971088226	0.412320168289	0.432099307347	0.41692215232	0.411037021827	0.32747419689	0.327921869044	0.320578679517	0.384196131793	0.390648550132	0.404797759402	0.392800933325
914A	0.287792295006	0.253394842113	0.0	0.247497156764	0.429279729754	0.466178599923	0.456024459881	0.440947748603	0.365252824156	0.251693304741	0.31628847828	0.251935807475	0.41758523538	0.413510700773	0.411393121302	0.436527981668
916A	0.204435468537	0.234681532685	0.247497156764	0.0	0.386221633725	0.445461944304	0.421769169568	0.412822878893	0.388615107342	0.276234118146	0.297133522414	0.26112571253	0.36750103059	0.384209983175	0.392384829252	0.379009643433
9211A	0.390442717564	0.402971088226	0.429279729754	0.386221633725	0.0	0.341388089697	0.1537290267	0.285864802357	0.48436439151	0.385393631986	0.421677402878	0.396796811714	0.162981698125	0.230564789541	0.119697334254	0.184808294382
927A	0.459028729528	0.412320168289	0.466178599923	0.445461944304	0.341388089697	0.0	0.367902609148	0.248078703333	0.510100824185	0.485352777714	0.474594127939	0.455543809567	0.347931529817	0.37239526887	0.345047871435	0.353017498878
928A	0.408869895925	0.432099307347	0.456024459881	0.421769169568	0.1537290267	0.367902609148	0.0	0.340389501808	0.50258144748	0.41278173699	0.455651491366	0.414682119241	0.189016171183	0.223546362997	0.205740642642	0.200811842736
929A	0.4528292301	0.41692215232	0.440947748603	0.412822878893	0.285864802357	0.248078703333	0.340389501808	0.0	0.489814736303	0.444544584644	0.445000899853	0.416530927534	0.312158822048	0.284786474001	0.28024097588	0.322817236337
934A	0.406226486482	0.411037021827	0.365252824156	0.388615107342	0.48436439151	0.510100824185	0.50258144748	0.489814736303	0.0	0.324286313026	0.248456067105	0.373059671566	0.481216981678	0.444357151235	0.459650766474	0.476320908288
935A	0.295728148678	0.32747419689	0.251693304741	0.276234118146	0.385393631986	0.485352777714	0.41278173699	0.444544584644	0.324286313026	0.0	0.278346461899	0.212742968407	0.409159821705	0.371794232532	0.39006428434	0.359434426772
936A	0.334815580098	0.327921869044	0.31628847828	0.297133522414	0.421677402878	0.474594127939	0.455651491366	0.445000899853	0.248456067105	0.278346461899	0.0	0.315025112231	0.429287845384	0.39629266794	0.408118263296	0.430207403492
937A	0.327280915133	0.320578679517	0.251935807475	0.26112571253	0.396796811714	0.455543809567	0.414682119241	0.416530927534	0.373059671566	0.212742968407	0.315025112231	0.0	0.404961235846	0.355755224218	0.395937693908	0.370571713853
9410A	0.37943645835	0.384196131793	0.41758523538	0.36750103059	0.162981698125	0.347931529817	0.189016171183	0.312158822048	0.481216981678	0.409159821705	0.429287845384	0.404961235846	0.0	0.226323446944	0.205208095411	0.199405734891
9411A	0.404904939962	0.390648550132	0.413510700773	0.384209983175	0.230564789541	0.37239526887	0.223546362997	0.284786474001	0.444357151235	0.371794232532	0.39629266794	0.355755224218	0.226323446944	0.0	0.212509953138	0.242816977185
947A	0.402239374438	0.404797759402	0.411393121302	0.392384829252	0.119697334254	0.345047871435	0.205740642642	0.28024097588	0.459650766474	0.39006428434	0.408118263296	0.395937693908	0.205208095411	0.212509953138	0.0	0.210554886679
949A	0.366536977261	0.392800933325	0.436527981668	0.379009643433	0.184808294382	0.353017498878	0.200811842736	0.322817236337	0.476320908288	0.359434426772	0.430207403492	0.370571713853	0.199405734891	0.242816977185	0.210554886679	0.0