	912A	913A	914A	916A	9211A	927A	928A	929A	934A	935A	936A	937A	9410A	9411A	947A	949A
912A	0.0	0.347206339546	0.145848632333	0.328023733733	0.501998720596	0.49255444969	0.601605554005	0.507909337411	0.457490998194	0.300893672565	0.435136584219	0.274145676957	0.465072875734	0.505909987684	0.52135081551	0.477064288764
913A	0.347206339546	0.0	0.425695406626	0.245176283304	0.491214788784	0.347213159202	0.577458634386	0.481093573012	0.312076077015	0.374891730982	0.313010061989	0.307505641447	0.488642128782	0.461171944045	0.45454334086	0.480225603473
914A	0.145848632333	0.425695406626	0.0	0.372747852334	0.587926100825	0.534872042161	0.663203740507	0.591380842604	0.470101142904	0.332457359703	0.510040299273	0.332858176444	0.537309264543	0.568029170122	0.586928560286	0.556923325465
916A	0.328023733733	0.245176283304	0.372747852334	0.0	0.408449067901	0.423214138511	0.486983133134	0.403295289626	0.406345378505	0.22557123322	0.237284401453	0.182796111294	0.364710767273	0.378123985796	0.409337555113	0.389573578144
9211A	0.501998720596	0.491214788784	0.587926100825	0.408449067901	0.0	0.543658562544	0.255550180016	0.179583123486	0.595145611068	0.386937475471	0.337382553471	0.379584403711	0.174287906113	0.169485325136	0.229978535244	0.176214623548
927A	0.49255444969	0.347213159202	0.534872042161	0.423214138511	0.543658562544	0.0	0.671325059732	0.491109795969	0.322485721705	0.563502836323	0.476570818794	0.525685697894	0.554962726713	0.486379446611	0.445882844739	0.516833319102
928A	0.601605554005	0.577458634386	0.663203740507	0.486983133134	0.255550180016	0.671325059732	0.0	0.35268393407	0.702542949423	0.447083994006	0.403279926311	0.432022563118	0.263642790344	0.292608300833	0.319660248573	0.343383860175
929A	0.507909337411	0.481093573012	0.591380842604	0.403295289626	0.179583123486	0.491109795969	0.35268393407	0.0	0.567563703559	0.432299460569	0.338516285767	0.377088148323	0.216506116836	0.194974936984	0.237275416273	0.241177616897
934A	0.457490998194	0.312076077015	0.470101142904	0.406345378505	0.595145611068	0.322485721705	0.702542949423	0.567563703559	0.0	0.513751919824	0.385626964572	0.493106417751	0.574827571124	0.550438018186	0.582352771871	0.569380687015
935A	0.300893672565	0.374891730982	0.332457359703	0.22557123322	0.386937475471	0.563502836323	0.447083994006	0.432299460569	0.513751919824	0.0	0.316140812225	0.169755362905	0.361931567798	0.360341984893	0.387362790139	0.353388161665
936A	0.435136584219	0.313010061989	0.510040299273	0.237284401453	0.337382553471	0.476570818794	0.403279926311	0.338516285767	0.385626964572	0.316140812225	0.0	0.258343916417	0.340355244673	0.310998094134	0.358576051152	0.350334322632
937A	0.274145676957	0.307505641447	0.332858176444	0.182796111294	0.379584403711	0.525685697894	0.432022563118	0.377088148323	0.493106417751	0.169755362905	0.258343916417	0.0	0.332204207275	0.354515073484	0.388307389466	0.369753897738
9410A	0.465072875734	0.488642128782	0.537309264543	0.364710767273	0.174287906113	0.554962726713	0.263642790344	0.216506116836	0.574827571124	0.361931567798	0.340355244673	0.332204207275	0.0	0.212294889363	0.282950377889	0.20330618252
9411A	0.505909987684	0.461171944045	0.568029170122	0.378123985796	0.169485325136	0.486379446611	0.292608300833	0.194974936984	0.550438018186	0.360341984893	0.310998094134	0.354515073484	0.212294889363	0.0	0.137014010222	0.209630704462
947A	0.52135081551	0.45454334086	0.586928560286	0.409337555113	0.229978535244	0.445882844739	0.319660248573	0.237275416273	0.582352771871	0.387362790139	0.358576051152	0.388307389466	0.282950377889	0.137014010222	0.0	0.278872213761
949A	0.477064288764	0.480225603473	0.556923325465	0.389573578144	0.176214623548	0.516833319102	0.343383860175	0.241177616897	0.569380687015	0.353388161665	0.350334322632	0.369753897738	0.20330618252	0.209630704462	0.278872213761	0.0