	912A	913A	914A	916A	9211A	927A	928A	929A	934A	935A	936A	937A	9410A	9411A	947A	949A
912A	0.0	0.58941253746	0.515394720637	0.702984523174	0.881296440741	0.880865388563	0.877191181904	0.862679091917	0.790775483394	0.624799868632	0.789010222095	0.609076727288	0.85832751755	0.90681062441	0.923067449403	0.874974342132
913A	0.58941253746	0.0	0.678825074921	0.487807381255	0.823453343733	0.56266677614	0.820805451784	0.817911244304	0.488854222259	0.772034976805	0.608419885874	0.687240855536	0.804220206084	0.862699618211	0.874625395131	0.821072293608
914A	0.515394720637	0.678825074921	0.0	0.736278172339	0.915452194261	0.899318527033	0.909930621126	0.88595590952	0.821995976846	0.752165524036	0.812594934111	0.717045034689	0.876185393489	0.923334291227	0.930333757543	0.880516441562
916A	0.702984523174	0.487807381255	0.736278172339	0.0	0.838889116959	0.692064534669	0.827743339218	0.814709142411	0.644074058869	0.681534545753	0.612750933946	0.595385689068	0.798883369596	0.873619606716	0.887741697114	0.846791740219
9211A	0.881296440741	0.823453343733	0.915452194261	0.838889116959	0.0	0.661767724455	0.442772691818	0.499076316762	0.863910669568	0.795701793998	0.764173406133	0.800894946426	0.465310562831	0.50289420748	0.522455765836	0.493657375097
927A	0.880865388563	0.56266677614	0.899318527033	0.692064534669	0.661767724455	0.0	0.77745391847	0.608850938052	0.563077302024	0.923601133051	0.66365614352	0.82289913379	0.69894084322	0.624881973808	0.582351492262	0.690052957839
928A	0.877191181904	0.820805451784	0.909930621126	0.827743339218	0.442772691818	0.77745391847	0.0	0.708813990722	0.872593292007	0.755018678928	0.668541401535	0.761279198653	0.560983620017	0.577897286424	0.632189334538	0.59569358348
929A	0.862679091917	0.817911244304	0.88595590952	0.814709142411	0.499076316762	0.608850938052	0.708813990722	0.0	0.830165441931	0.825033868385	0.752658155097	0.767662876144	0.583952543208	0.518678927706	0.530481546862	0.618826717025
934A	0.790775483394	0.488854222259	0.821995976846	0.644074058869	0.863910669568	0.563077302024	0.872593292007	0.830165441931	0.0	0.834804384416	0.507512623671	0.743482901597	0.856398045897	0.853791206536	0.878771706556	0.879366969087
935A	0.624799868632	0.772034976805	0.752165524036	0.681534545753	0.795701793998	0.923601133051	0.755018678928	0.825033868385	0.834804384416	0.0	0.705796625477	0.445728478181	0.784145490373	0.7925202184	0.821380188021	0.761689724537
936A	0.789010222095	0.608419885874	0.812594934111	0.612750933946	0.764173406133	0.66365614352	0.668541401535	0.752658155097	0.507512623671	0.705796625477	0.0	0.608871464346	0.781743913954	0.770618662507	0.823186501909	0.795783899175
937A	0.609076727288	0.687240855536	0.717045034689	0.595385689068	0.800894946426	0.82289913379	0.761279198653	0.767662876144	0.743482901597	0.445728478181	0.608871464346	0.0	0.788517591034	0.812184408227	0.844308058623	0.802598628844
9410A	0.85832751755	0.804220206084	0.876185393489	0.798883369596	0.465310562831	0.69894084322	0.560983620017	0.583952543208	0.856398045897	0.784145490373	0.781743913954	0.788517591034	0.0	0.583357280677	0.648281949177	0.539451537419
9411A	0.90681062441	0.862699618211	0.923334291227	0.873619606716	0.50289420748	0.624881973808	0.577897286424	0.518678927706	0.853791206536	0.7925202184	0.770618662507	0.812184408227	0.583357280677	0.0	0.319738084486	0.593846217004
947A	0.923067449403	0.874625395131	0.930333757543	0.887741697114	0.522455765836	0.582351492262	0.632189334538	0.530481546862	0.878771706556	0.821380188021	0.823186501909	0.844308058623	0.648281949177	0.319738084486	0.0	0.66905455889
949A	0.874974342132	0.821072293608	0.880516441562	0.846791740219	0.493657375097	0.690052957839	0.59569358348	0.618826717025	0.879366969087	0.761689724537	0.795783899175	0.802598628844	0.539451537419	0.593846217004	0.66905455889	0.0